[20.5, 23.0, 46.3, 98.8, 47.3, 20.2, 22.0, 4.1, 58.6, 16.3, 19.5, 30.3]  33.90833333333334
[22.7, 19.7, 69.2, 103.5, 51.1, 53.5, 3.9, 28.0, 82.8, 19.2, 18.7, 67.7]  45.0
[21.2, 22.8, 74.7, 99.5, 41.3, 64.3, 0.3, 26.0, 79.7, 15.7, 11.6, 74.0]  44.25833333333333
[24.4, 19.3, 53.5, 104.9, 53.6, 26.7, 1.3, 8.9, 50.6, 18.1, 26.1, 38.5]  35.491666666666674
[24.2, 20.6, 62.6, 99.3, 42.4, 51.3, 4.0, 38.5, 81.9, 17.2, 18.2, 54.4]  42.883333333333326
[24.3, 18.0, 63.6, 104.5, 50.7, 47.9, 7.2, 35.6, 84.7, 17.7, 19.7, 62.5]  44.69999999999999
[20.2, 14.6, 78.0, 94.9, 51.3, 67.0, 5.5, 32.1, 91.7, 15.9, 22.7, 79.8]  47.80833333333333
[17.5, 24.9, 50.5, 98.0, 44.6, 24.4, 9.1, 2.3, 28.8, 14.8, 15.9, 42.9]  31.141666666666666
[21.2, 19.4, 29.2, 102.1, 52.5, 2.1, 8.7, 19.7, 54.8, 17.8, 23.7, 23.8]  31.25
[21.5, 24.9, 73.5, 102.0, 42.4, 60.6, 9.5, 15.0, 76.8, 17.5, 14.7, 69.8]  44.01666666666666
[20.2, 22.0, 60.0, 101.1, 50.1, 38.6, 11.6, 21.5, 84.8, 17.6, 18.3, 55.9]  41.80833333333334
[16.5, 18.0, 26.3, 96.6, 55.1, 5.1, 20.0, 13.5, 42.1, 14.3, 21.9, 22.7]  29.341666666666665
[20.2, 18.3, 53.6, 100.4, 54.3, 33.3, 5.0, 18.2, 71.4, 16.4, 23.0, 47.2]  38.44166666666667
[21.7, 24.1, 68.6, 102.6, 45.0, 53.5, 23.7, 11.9, 72.5, 18.8, 18.4, 60.0]  43.4
[19.7, 24.7, 64.3, 97.6, 40.8, 50.3, 12.5, 4.5, 60.1, 15.1, 13.1, 60.7]  38.61666666666667
[19.4, 23.9, 79.4, 101.3, 45.3, 66.6, 3.4, 28.8, 83.9, 16.1, 11.4, 77.6]  46.425000000000004
[25.5, 20.2, 62.7, 107.6, 50.1, 46.6, 11.8, 23.4, 76.9, 20.9, 17.2, 61.3]  43.68333333333333
[24.6, 20.5, 58.7, 105.0, 48.6, 39.6, 6.9, 34.2, 77.0, 17.5, 16.8, 59.4]  42.4
[24.0, 18.1, 60.8, 101.7, 48.7, 44.2, 21.1, 5.7, 61.8, 19.4, 22.7, 53.9]  40.175
[19.1, 19.5, 43.4, 97.8, 52.2, 22.4, 19.9, 4.1, 50.0, 16.5, 21.2, 37.7]  33.65
[16.8, 22.4, 62.2, 95.4, 47.5, 41.5, 17.0, 18.3, 73.2, 15.1, 19.5, 51.8]  40.05833333333334
[21.7, 23.1, 46.1, 100.6, 44.7, 17.6, 6.2, 18.7, 39.0, 16.4, 13.7, 37.5]  32.10833333333333
[13.5, 23.5, 38.8, 96.7, 51.7, 8.8, 9.3, 7.0, 18.1, 13.8, 20.6, 25.6]  27.283333333333342
[17.3, 21.8, 52.0, 99.3, 49.4, 30.7, 10.5, 25.8, 62.1, 15.2, 16.9, 45.2]  37.18333333333333
[19.0, 24.0, 63.7, 101.6, 47.5, 40.9, 10.9, 31.4, 72.1, 17.4, 17.2, 60.3]  42.166666666666664
[18.0, 28.2, 67.0, 105.7, 46.1, 44.8, 23.8, 41.7, 70.2, 15.9, 15.6, 61.8]  44.9
[22.5, 23.2, 71.5, 103.0, 48.6, 55.3, 3.4, 22.9, 75.9, 19.7, 14.6, 69.2]  44.15
[24.1, 20.2, 62.7, 105.0, 51.2, 42.9, 14.9, 36.2, 71.7, 17.7, 16.6, 61.2]  43.699999999999996
[21.5, 21.9, 64.7, 102.3, 42.4, 55.2, 14.8, 38.0, 79.3, 16.2, 12.2, 63.3]  44.31666666666666
[23.4, 17.8, 48.1, 103.3, 55.6, 25.2, 22.1, 7.4, 68.6, 17.3, 19.5, 44.2]  37.708333333333336
[20.1, 21.7, 34.1, 99.1, 51.4, 6.6, 46.8, 22.7, 36.8, 17.5, 21.8, 19.8]  33.2
[25.7, 16.7, 57.0, 102.9, 53.1, 35.7, 6.5, 16.4, 68.3, 21.2, 22.7, 54.3]  40.041666666666664
[25.3, 20.1, 61.9, 103.9, 46.5, 47.6, 13.9, 23.0, 60.8, 19.8, 19.7, 55.2]  41.475
[20.9, 20.8, 35.5, 100.9, 51.9, 0.4, 13.9, 2.5, 34.9, 18.8, 20.2, 28.8]  29.125
[17.2, 23.8, 63.9, 102.6, 51.3, 45.0, 12.0, 12.7, 61.4, 14.6, 15.3, 61.6]  40.11666666666667
[23.8, 22.2, 81.9, 99.7, 43.6, 71.7, 5.0, 28.1, 87.3, 18.4, 14.7, 79.9]  48.025
[17.3, 21.3, 69.8, 97.5, 50.6, 46.2, 11.8, 35.8, 83.5, 15.5, 21.5, 61.7]  44.375
[20.2, 19.7, 23.3, 102.1, 51.1, 0.7, 21.8, 29.9, 33.8, 19.1, 25.2, 5.4]  29.35833333333333
[22.3, 21.9, 72.6, 101.4, 46.9, 56.7, 4.1, 29.5, 83.4, 17.3, 16.2, 71.1]  45.28333333333333
[19.9, 22.5, 61.4, 101.4, 48.3, 40.6, 9.2, 8.9, 68.4, 18.9, 17.5, 58.4]  39.61666666666667
[19.5, 20.7, 56.3, 98.3, 46.1, 33.3, 5.9, 13.0, 62.9, 14.8, 13.8, 52.0]  36.38333333333333
[19.9, 27.7, 71.5, 101.7, 42.9, 52.3, 0.8, 23.7, 72.7, 22.0, 15.1, 66.1]  43.03333333333333
[23.0, 24.7, 70.8, 99.0, 43.7, 55.6, 4.9, 32.0, 77.2, 16.8, 10.9, 71.3]  44.15833333333333
[19.5, 26.9, 69.9, 103.3, 42.9, 53.1, 1.6, 32.8, 78.3, 17.6, 10.6, 68.8]  43.775000000000006
[24.4, 19.9, 60.6, 101.8, 51.2, 40.9, 8.6, 13.4, 55.6, 20.3, 14.6, 61.4]  39.391666666666666
[24.3, 18.6, 61.3, 104.8, 51.6, 46.6, 2.9, 23.0, 73.2, 19.2, 21.2, 58.5]  42.1
[21.1, 28.3, 77.5, 97.0, 31.4, 69.6, 19.5, 33.4, 83.8, 18.4, 11.1, 73.7]  47.06666666666667
[26.3, 19.4, 33.3, 102.6, 48.1, 5.4, 11.3, 19.3, 53.9, 20.0, 19.3, 22.4]  31.77499999999999
[16.2, 17.8, 35.8, 94.3, 50.4, 19.4, 6.8, 6.2, 60.9, 14.4, 26.3, 30.2]  31.558333333333326
[24.2, 20.7, 69.0, 104.1, 53.4, 48.2, 7.4, 28.0, 71.1, 17.7, 19.0, 64.1]  43.90833333333333
[20.2, 18.5, 73.8, 97.8, 51.5, 56.7, 21.1, 44.1, 87.4, 16.0, 16.1, 73.3]  48.041666666666664
[17.5, 29.9, 72.5, 102.3, 38.4, 55.6, 0.3, 25.3, 78.3, 15.6, 10.5, 63.8]  42.50000000000001
[20.3, 25.4, 63.9, 100.0, 43.2, 46.7, 0.3, 19.5, 67.7, 16.4, 14.3, 59.8]  39.791666666666664
[16.5, 21.6, 49.1, 96.7, 52.0, 23.7, 4.2, 7.3, 43.7, 18.5, 23.7, 44.2]  33.43333333333333
[20.1, 19.8, 45.5, 97.7, 52.3, 12.2, 29.1, 6.9, 47.8, 16.4, 20.4, 38.5]  33.891666666666666
[21.5, 18.0, 46.4, 90.4, 45.7, 32.0, 5.0, 11.2, 54.1, 16.1, 21.3, 36.1]  33.15000000000001
[24.0, 26.2, 64.6, 96.7, 39.8, 47.7, 31.9, 5.1, 58.2, 19.2, 15.2, 52.9]  40.12499999999999
[22.1, 22.8, 58.7, 88.6, 41.3, 39.1, 3.4, 28.7, 66.8, 15.8, 16.3, 50.0]  37.800000000000004
[24.2, 20.8, 70.1, 90.8, 46.2, 55.0, 7.5, 54.0, 90.4, 17.2, 21.3, 61.9]  46.61666666666667
[22.1, 22.8, 58.7, 88.6, 41.3, 39.1, 3.4, 28.7, 66.8, 15.8, 16.3, 50.0]  37.800000000000004
[22.9, 23.9, 66.8, 90.2, 41.0, 43.7, 1.1, 32.9, 75.1, 16.5, 16.7, 55.6]  40.53333333333334
[24.2, 20.8, 70.1, 90.8, 46.2, 55.0, 7.5, 54.0, 90.4, 17.2, 21.3, 61.9]  46.61666666666667
[25.2, 19.5, 53.7, 92.7, 47.1, 31.2, 2.8, 23.3, 62.7, 17.4, 21.0, 43.0]  36.63333333333333
[25.1, 24.1, 63.0, 94.3, 45.2, 39.8, 39.8, 26.1, 79.9, 17.1, 16.9, 53.8]  43.758333333333326
[22.0, 28.3, 75.3, 95.9, 36.1, 62.7, 12.6, 27.5, 68.5, 18.5, 9.7, 71.4]  44.041666666666664
[25.2, 19.5, 53.7, 92.7, 47.1, 31.2, 2.8, 23.3, 62.7, 17.4, 21.0, 43.0]  36.63333333333333
[25.2, 19.5, 53.7, 92.7, 47.1, 31.2, 2.8, 23.3, 62.7, 17.4, 21.0, 43.0]  36.63333333333333
[25.1, 24.1, 63.0, 94.3, 45.2, 39.8, 39.8, 26.1, 79.9, 17.1, 16.9, 53.8]  43.758333333333326
[22.0, 28.3, 75.3, 95.9, 36.1, 62.7, 12.6, 27.5, 68.5, 18.5, 9.7, 71.4]  44.041666666666664
[22.5, 17.6, 30.0, 94.0, 54.0, 24.3, 39.9, 5.4, 64.2, 18.9, 30.3, 33.4]  36.20833333333333
[20.6, 24.1, 26.2, 87.7, 37.7, 26.4, 45.2, 13.8, 52.2, 15.3, 14.5, 39.4]  33.59166666666667
[17.7, 22.7, 39.4, 82.5, 38.6, 40.5, 58.0, 25.7, 47.4, 13.0, 15.0, 54.4]  37.90833333333333
[21.4, 34.3, 63.0, 89.7, 27.4, 58.6, 17.0, 21.1, 46.5, 20.3, 15.3, 59.4]  39.5
[20.0, 21.3, 26.7, 91.2, 49.9, 16.1, 27.5, 7.1, 63.2, 14.1, 20.1, 30.4]  32.3
[19.3, 22.5, 36.1, 86.4, 42.3, 31.8, 56.0, 20.4, 51.0, 13.0, 15.4, 45.9]  36.675
[22.1, 18.5, 34.0, 86.9, 47.0, 29.4, 36.6, 16.0, 78.4, 14.3, 19.8, 46.6]  37.46666666666667
[17.0, 20.8, 30.3, 82.9, 44.5, 28.0, 24.8, 9.9, 75.8, 12.6, 18.7, 40.6]  33.825
[21.9, 24.6, 55.9, 88.2, 38.3, 54.6, 59.4, 5.6, 73.8, 14.6, 15.5, 59.4]  42.65
[20.8, 18.8, 12.4, 88.8, 48.4, 9.0, 46.8, 3.8, 66.3, 14.2, 21.3, 24.0]  31.21666666666667
[19.7, 24.5, 25.0, 84.1, 34.0, 24.2, 22.3, 22.6, 73.8, 11.6, 8.5, 39.0]  32.44166666666667
[13.8, 22.3, 21.5, 81.5, 45.1, 17.3, 11.6, 31.4, 72.3, 11.6, 20.2, 38.8]  32.28333333333334
[19.9, 28.0, 49.0, 87.0, 33.6, 47.1, 67.4, 12.0, 38.7, 15.2, 9.5, 55.0]  38.53333333333333
[19.1, 27.3, 38.2, 86.6, 33.8, 40.7, 43.8, 1.4, 26.7, 15.3, 12.8, 49.0]  32.891666666666666
[19.8, 24.6, 36.0, 86.1, 39.1, 35.5, 57.3, 18.2, 16.1, 13.6, 12.4, 45.2]  33.65833333333334
[20.3, 28.4, 47.8, 87.3, 35.1, 46.0, 49.2, 2.0, 36.3, 14.9, 15.1, 50.2]  36.050000000000004
[21.6, 28.4, 53.4, 89.5, 32.5, 52.5, 45.7, 3.4, 41.2, 16.2, 11.0, 57.9]  37.775
[14.5, 30.5, 55.6, 80.6, 32.0, 55.9, 24.6, 12.2, 32.5, 9.5, 4.3, 63.0]  34.6
[21.2, 23.8, 66.0, 87.6, 41.6, 61.9, 45.8, 6.0, 68.6, 13.0, 18.2, 66.0]  43.30833333333334
[22.6, 24.4, 42.5, 86.6, 33.1, 42.4, 7.3, 25.7, 73.1, 14.7, 11.7, 54.1]  36.51666666666667
[25.3, 21.6, 16.3, 94.2, 42.1, 15.6, 50.4, 16.5, 44.5, 16.6, 15.3, 30.2]  32.38333333333333
[26.7, 19.7, 27.5, 95.2, 45.2, 25.9, 39.2, 3.9, 62.4, 18.7, 20.3, 37.8]  35.20833333333333
[21.1, 22.5, 36.2, 86.5, 37.9, 37.4, 45.1, 17.8, 57.6, 13.3, 13.6, 51.4]  36.7
[25.2, 15.5, 1.0, 91.3, 52.5, 1.0, 42.8, 8.4, 67.8, 15.8, 25.4, 16.8]  30.291666666666668
[22.2, 26.8, 51.2, 90.4, 33.1, 51.9, 42.0, 7.2, 62.4, 14.9, 7.8, 63.3]  39.43333333333333
[19.9, 30.3, 62.5, 85.9, 26.3, 60.5, 21.5, 14.4, 71.8, 12.7, 3.7, 70.9]  40.03333333333333
[20.3, 28.2, 69.8, 85.7, 29.7, 67.5, 38.0, 23.9, 89.3, 12.8, 10.1, 73.8]  45.75833333333333
[22.7, 26.7, 55.1, 89.2, 32.5, 53.0, 30.5, 8.4, 70.0, 15.7, 10.6, 65.4]  39.98333333333334
[19.0, 26.1, 58.1, 83.3, 33.8, 55.9, 31.7, 1.9, 68.0, 13.1, 11.4, 65.6]  38.99166666666667
[20.1, 28.6, 65.7, 88.1, 33.0, 62.7, 11.7, 12.8, 76.6, 14.5, 7.5, 71.8]  41.09166666666666
[19.8, 21.8, 20.0, 83.6, 39.6, 19.0, 37.8, 18.2, 74.1, 11.8, 12.4, 37.3]  32.949999999999996
[22.3, 23.4, 45.6, 88.0, 41.0, 39.8, 22.2, 25.7, 77.1, 14.9, 17.4, 51.0]  39.03333333333333
[25.5, 21.7, 53.6, 93.6, 40.5, 53.4, 30.2, 6.8, 78.6, 16.3, 13.4, 64.0]  41.46666666666666
[20.3, 27.5, 79.8, 87.1, 32.9, 78.7, 1.8, 17.1, 77.7, 13.7, 8.9, 83.1]  44.04999999999999
[19.9, 26.8, 59.6, 85.0, 34.3, 56.8, 19.2, 21.2, 75.8, 11.9, 11.8, 62.8]  40.425000000000004
[20.3, 24.4, 35.7, 86.2, 37.8, 31.5, 23.4, 17.0, 67.3, 12.4, 13.3, 42.9]  34.35
[23.9, 20.7, 14.4, 89.3, 40.4, 15.9, 19.9, 14.2, 66.2, 15.1, 14.6, 35.3]  30.825000000000003
[19.3, 24.6, 40.2, 84.9, 35.3, 41.7, 25.1, 0.4, 53.0, 12.1, 11.1, 54.4]  33.50833333333333
[23.6, 18.0, 28.2, 88.2, 47.7, 22.0, 50.9, 7.5, 64.1, 16.1, 20.7, 46.2]  36.1
[19.2, 26.1, 56.8, 82.8, 33.7, 54.5, 12.0, 22.2, 70.3, 11.7, 10.2, 64.3]  38.65
[21.7, 26.7, 48.7, 85.4, 31.8, 48.4, 15.1, 37.7, 82.6, 8.7, 3.0, 63.9]  39.475
[20.8, 22.1, 61.0, 85.8, 43.1, 57.4, 55.2, 10.1, 70.1, 12.3, 17.1, 66.3]  43.44166666666667
[37.4, 13.9, 31.8, 104.5, 48.7, 29.5, 35.6, 5.4, 56.8, 21.9, 19.3, 47.2]  37.666666666666664
[22.6, 27.0, 57.8, 90.8, 36.9, 55.8, 69.9, 9.3, 68.9, 15.1, 13.6, 59.4]  43.925000000000004
[20.3, 19.4, 12.4, 84.7, 42.9, 10.3, 39.2, 15.5, 41.6, 12.5, 20.3, 27.6]  28.89166666666667
[24.8, 23.3, 45.6, 93.8, 36.7, 47.5, 19.6, 22.7, 24.5, 16.4, 11.8, 55.9]  35.21666666666666
[22.3, 23.1, 3.8, 90.4, 39.0, 10.7, 56.5, 10.2, 69.8, 15.1, 16.8, 28.4]  32.175000000000004
[23.7, 24.8, 47.2, 90.7, 37.0, 47.1, 30.4, 14.3, 70.8, 13.5, 11.5, 56.9]  38.99166666666667
[17.8, 24.9, 52.6, 86.7, 41.6, 46.8, 50.3, 5.0, 70.3, 15.2, 19.9, 53.2]  40.35833333333333
[20.6, 26.1, 62.7, 86.4, 34.3, 60.9, 29.7, 7.0, 72.9, 12.6, 5.6, 70.4]  40.76666666666667
[26.1, 21.8, 55.5, 93.3, 40.3, 54.6, 40.1, 11.7, 77.2, 18.1, 15.5, 65.8]  43.333333333333336
[23.7, 19.4, 42.2, 89.8, 43.7, 39.8, 52.5, 4.0, 79.2, 15.6, 17.6, 54.5]  40.16666666666667
[25.0, 24.0, 26.2, 94.1, 38.7, 21.7, 54.3, 30.5, 38.4, 15.5, 10.7, 41.9]  35.08333333333333
[22.5, 17.6, 30.0, 94.0, 54.0, 24.3, 39.9, 5.4, 64.2, 18.9, 30.3, 33.4]  36.20833333333333
[20.1, 25.0, 45.2, 85.9, 36.6, 39.5, 37.4, 3.9, 50.5, 13.8, 12.2, 54.9]  35.416666666666664
[23.3, 22.7, 43.6, 90.3, 40.5, 40.8, 37.8, 7.8, 63.6, 16.3, 17.9, 52.8]  38.11666666666667
[24.2, 21.2, 49.0, 92.5, 45.4, 43.4, 62.7, 1.6, 68.7, 20.0, 25.0, 47.1]  41.733333333333334
[17.9, 21.5, 27.6, 84.0, 42.4, 21.8, 41.9, 2.6, 41.3, 14.0, 19.3, 37.0]  30.941666666666666
[22.2, 19.4, 29.1, 88.7, 44.7, 27.8, 37.3, 6.3, 50.2, 14.3, 15.9, 46.7]  33.55
[19.9, 27.3, 55.1, 86.8, 35.5, 53.2, 23.6, 7.9, 62.3, 14.5, 13.3, 62.0]  38.45
[22.5, 20.8, 43.7, 89.6, 42.9, 41.5, 56.2, 4.4, 79.7, 16.1, 15.0, 57.1]  40.79166666666667
[20.2, 22.1, 46.4, 89.0, 44.2, 42.0, 22.7, 22.2, 79.2, 15.3, 18.9, 57.2]  39.949999999999996
[24.1, 20.3, 41.4, 92.6, 46.1, 38.4, 21.6, 20.1, 66.9, 17.5, 22.3, 44.7]  38.0
[25.2, 19.4, 38.5, 91.4, 46.9, 30.4, 18.5, 2.6, 58.2, 16.0, 21.7, 43.6]  34.36666666666667
[23.8, 20.6, 38.8, 90.7, 47.6, 32.2, 39.2, 2.2, 54.7, 15.3, 23.9, 41.3]  35.858333333333334
[22.9, 16.9, 29.3, 88.5, 51.5, 21.8, 26.1, 17.5, 66.3, 15.1, 25.9, 32.6]  34.53333333333334
[22.3, 17.0, 52.1, 88.8, 53.1, 45.3, 17.7, 29.1, 83.8, 15.9, 24.9, 58.9]  42.408333333333324
[24.0, 20.9, 50.3, 90.7, 45.4, 45.9, 32.5, 13.5, 73.6, 18.1, 22.3, 59.5]  41.39166666666667
[23.1, 17.7, 31.1, 88.4, 48.9, 26.5, 42.4, 5.9, 53.8, 15.7, 25.5, 34.0]  34.416666666666664
[22.7, 19.4, 36.9, 89.2, 46.9, 32.2, 51.7, 4.2, 68.4, 14.7, 25.2, 40.1]  37.63333333333333
[22.8, 19.9, 11.7, 88.3, 45.1, 11.3, 34.7, 7.2, 50.2, 15.0, 21.4, 4.3]  27.65833333333333
[24.2, 16.7, 5.7, 90.1, 48.2, 0.4, 18.0, 6.2, 40.6, 15.5, 22.6, 18.3]  25.54166666666667
[23.5, 16.8, 22.1, 90.1, 50.2, 19.2, 32.0, 1.9, 54.3, 16.0, 23.5, 37.9]  32.291666666666664
[23.8, 17.2, 14.3, 89.6, 46.2, 15.9, 45.9, 3.9, 67.6, 16.6, 23.4, 0.6]  30.416666666666668
[19.9, 25.4, 30.8, 87.6, 37.7, 25.0, 59.0, 9.9, 70.0, 15.6, 18.3, 32.8]  36.00000000000001
[27.3, 21.0, 47.8, 94.2, 43.7, 44.0, 39.5, 9.7, 62.8, 17.7, 19.7, 53.4]  40.06666666666667
[24.5, 19.6, 40.6, 91.2, 48.8, 33.4, 9.7, 32.4, 81.4, 17.3, 22.2, 48.1]  39.1
[24.7, 20.9, 51.6, 89.8, 44.3, 47.8, 64.8, 9.4, 75.6, 16.2, 25.4, 50.9]  43.449999999999996
[25.8, 21.3, 71.4, 92.9, 45.9, 68.3, 64.2, 1.9, 78.1, 17.5, 22.6, 71.8]  48.475
[25.8, 21.3, 71.4, 92.9, 45.9, 68.3, 64.2, 1.9, 78.1, 17.5, 22.6, 71.8]  48.475
[24.8, 23.3, 84.2, 94.4, 49.0, 80.6, 93.3, 2.5, 90.2, 18.3, 24.7, 81.8]  55.59166666666667
[25.8, 22.3, 87.8, 92.4, 50.3, 81.6, 57.2, 32.9, 97.2, 20.7, 26.9, 84.8]  56.65833333333333
[27.8, 23.8, 80.4, 97.3, 46.7, 75.4, 101.2, 11.7, 93.3, 20.0, 21.0, 79.2]  56.48333333333333
[25.4, 29.0, 92.7, 93.2, 41.0, 89.5, 28.4, 46.9, 97.1, 20.2, 22.4, 90.5]  56.35833333333334
[26.8, 22.9, 79.5, 96.2, 44.2, 76.5, 68.5, 23.0, 91.1, 19.1, 20.8, 79.5]  54.008333333333326
[27.9, 19.8, 79.9, 96.2, 54.6, 73.2, 46.5, 25.2, 92.7, 20.6, 28.3, 77.1]  53.5
[25.8, 22.2, 70.3, 94.3, 46.8, 66.5, 58.6, 4.9, 78.6, 19.2, 22.5, 70.6]  48.35833333333333
[24.9, 24.1, 86.5, 93.3, 45.3, 82.9, 53.1, 26.3, 94.1, 20.4, 23.4, 85.2]  54.958333333333336
[28.3, 22.6, 92.6, 94.8, 45.2, 87.3, 54.4, 40.1, 98.8, 18.3, 20.2, 89.9]  57.70833333333332
[25.2, 24.8, 79.4, 94.4, 44.7, 75.2, 39.6, 26.6, 90.1, 19.3, 20.4, 78.0]  51.474999999999994
[24.8, 21.6, 74.2, 93.0, 47.5, 69.4, 58.4, 9.0, 87.3, 17.4, 24.6, 70.7]  49.824999999999996
[22.9, 22.6, 92.7, 87.8, 47.4, 86.3, 63.7, 2.1, 95.3, 15.5, 23.0, 85.3]  53.71666666666666
[24.4, 26.2, 80.8, 92.4, 42.3, 76.1, 50.6, 23.1, 91.5, 18.2, 21.7, 77.4]  52.05833333333334
[28.1, 22.6, 83.2, 96.4, 46.1, 79.8, 44.8, 23.2, 90.1, 17.7, 17.5, 83.8]  52.775000000000006
[25.5, 19.0, 39.2, 92.7, 51.6, 31.4, 32.8, 23.3, 76.3, 16.3, 29.2, 38.4]  39.641666666666666
[21.6, 16.5, 8.3, 88.4, 50.2, 10.4, 41.4, 12.1, 41.2, 15.4, 24.1, 5.1]  27.89166666666667
[23.1, 18.3, 26.6, 89.9, 49.9, 18.9, 96.6, 13.7, 74.4, 15.4, 23.2, 33.6]  40.3
[23.8, 14.8, 3.4, 92.3, 55.9, 1.9, 67.9, 3.8, 51.5, 15.3, 27.5, 12.9]  30.916666666666668
[25.6, 17.5, 15.3, 95.3, 53.8, 6.7, 41.7, 3.4, 67.1, 16.5, 26.9, 19.8]  32.46666666666666
[24.9, 20.6, 47.5, 92.0, 46.9, 41.2, 51.9, 3.8, 69.8, 15.7, 21.3, 50.7]  40.525
[25.0, 19.6, 67.4, 91.6, 48.2, 61.9, 25.1, 24.2, 83.3, 15.9, 21.5, 69.5]  46.1
[25.4, 24.1, 39.8, 93.7, 43.1, 31.6, 72.8, 2.6, 63.0, 18.9, 20.7, 41.7]  39.78333333333333
[21.8, 20.7, 37.6, 89.6, 46.7, 34.4, 80.1, 10.7, 80.8, 16.8, 24.5, 42.1]  42.15
[26.3, 17.0, 36.8, 94.8, 52.6, 30.8, 19.8, 34.5, 76.9, 16.7, 24.1, 41.7]  39.333333333333336
[25.3, 21.9, 50.3, 94.4, 46.1, 44.3, 20.7, 30.0, 81.4, 17.5, 20.5, 53.4]  42.15
[24.1, 18.4, 31.1, 91.1, 50.1, 20.7, 32.6, 29.3, 77.9, 16.2, 21.9, 37.9]  37.60833333333333
[25.8, 20.3, 33.7, 93.5, 45.1, 27.6, 27.8, 29.2, 82.6, 17.9, 19.3, 46.5]  39.108333333333334
[23.4, 18.7, 42.0, 93.6, 50.9, 36.7, 29.8, 14.6, 73.1, 17.9, 26.4, 46.3]  39.449999999999996
[24.1, 20.3, 41.4, 92.6, 46.1, 38.4, 21.6, 20.1, 66.9, 17.5, 22.3, 44.7]  38.0
[24.5, 23.5, 47.0, 91.5, 36.1, 48.3, 27.9, 23.9, 71.8, 16.5, 16.9, 54.3]  40.18333333333333
[25.9, 19.4, 59.2, 93.8, 43.9, 59.0, 21.7, 27.9, 85.6, 17.0, 18.6, 68.7]  45.05833333333334
[24.1, 21.1, 18.8, 89.9, 43.2, 16.5, 65.3, 14.5, 76.8, 16.5, 18.0, 39.0]  36.975
[24.9, 18.8, 1.1, 93.8, 49.3, 6.9, 30.2, 9.8, 65.6, 16.5, 22.6, 8.9]  29.03333333333333
[22.4, 17.0, 38.8, 88.9, 53.1, 34.6, 39.5, 5.8, 68.7, 14.2, 24.5, 48.0]  37.958333333333336
[24.5, 20.8, 56.8, 90.8, 42.1, 54.3, 19.8, 16.1, 66.7, 15.7, 14.6, 66.1]  40.69166666666666
[26.1, 21.1, 44.4, 93.5, 44.5, 40.1, 66.9, 6.5, 71.6, 16.2, 19.2, 46.4]  41.375
[23.2, 19.0, 44.7, 88.7, 45.9, 44.4, 82.6, 5.7, 75.2, 16.1, 24.3, 52.6]  43.53333333333334
[22.2, 21.3, 37.3, 89.0, 44.2, 34.1, 45.3, 10.0, 69.9, 14.8, 18.0, 46.9]  37.75000000000001
[26.1, 23.8, 56.9, 94.2, 41.0, 53.1, 36.1, 22.9, 84.0, 18.4, 19.5, 61.5]  44.791666666666664
[21.2, 19.8, 26.7, 87.4, 45.1, 26.0, 15.0, 20.8, 65.4, 15.7, 24.0, 38.0]  33.75833333333333
[26.5, 15.9, 39.6, 93.1, 49.0, 38.3, 10.5, 35.4, 79.8, 18.4, 26.3, 46.5]  39.94166666666666
[21.2, 15.5, 25.6, 87.6, 49.8, 26.9, 3.5, 20.9, 56.2, 14.7, 27.5, 38.4]  32.31666666666666
[25.8, 18.2, 52.5, 93.5, 47.2, 52.4, 2.5, 42.0, 86.0, 17.0, 22.8, 62.0]  43.491666666666674
[23.3, 21.5, 19.4, 91.5, 43.1, 16.5, 31.0, 0.5, 44.3, 15.6, 18.5, 31.3]  29.708333333333332
[21.7, 20.8, 36.4, 88.1, 41.6, 35.2, 40.7, 18.8, 23.6, 14.5, 22.3, 41.0]  33.725
[23.4, 21.4, 39.1, 91.2, 42.1, 37.8, 23.9, 9.3, 68.4, 15.1, 16.8, 51.0]  36.62500000000001
[22.9, 19.6, 36.6, 90.3, 43.5, 37.8, 41.3, 5.6, 55.9, 16.4, 20.3, 48.6]  36.56666666666667
[23.3, 25.9, 64.1, 92.8, 35.5, 62.7, 49.3, 21.3, 64.6, 15.8, 13.8, 67.6]  44.725
[20.7, 21.0, 23.2, 88.8, 43.9, 22.2, 57.4, 22.1, 61.3, 13.5, 18.3, 38.6]  35.916666666666664
[22.2, 25.0, 53.7, 89.9, 38.1, 49.3, 28.5, 16.1, 74.9, 14.5, 15.8, 59.0]  40.583333333333336
[20.7, 22.9, 53.5, 86.2, 39.6, 51.2, 35.3, 2.4, 58.2, 13.4, 15.4, 60.4]  38.26666666666666
[27.0, 16.3, 9821.7, 94.3, 55.9, 1839.8, 49.4, 58.4, 109380.8, 19.5, 37.2, 1271.2]  10222.625
[27.2, 28.1, 18.6, 96.2, 43.6, 50.6, 175.9, 34.0, 92.5, 21.5, 25.7, 41.5]  54.616666666666674
[26.9, 17.1, 49.2, 98.2, 52.2, 43.9, 14.4, 41.4, 95.4, 26.0, 28.7, 58.9]  46.025
[28.0, 23.0, 31.6, 97.8, 56.2, 18.4, 102.7, 4.8, 85.3, 18.7, 29.6, 31.7]  43.98333333333334
[31.1, 25.6, 63.8, 101.6, 52.6, 38.8, 11.8, 44.6, 81.6, 22.0, 29.4, 12.2]  42.925000000000004
[33.2, 18.3, 622.5, 99.4, 49.4, 112.8, 86.2, 17.9, 94.1, 20.8, 23.8, 41.6]  101.66666666666663
[30.4, 24.9, 64.7, 98.4, 40.9, 64.4, 52.4, 52.3, 99.7, 23.6, 23.4, 64.2]  53.275000000000006
[17.6, 30.3, 61.2, 81.6, 29.2, 55.9, 24.7, 10.1, 59.3, 14.4, 10.3, 60.6]  37.93333333333334
[19.0, 32.3, 55.5, 81.2, 22.2, 54.4, 60.5, 32.5, 38.9, 11.7, 4.1, 63.1]  39.61666666666667
[20.3, 24.2, 51.0, 87.0, 37.6, 46.3, 24.6, 8.5, 69.7, 12.5, 10.2, 61.6]  37.791666666666664
[19.1, 22.6, 72.3, 83.3, 36.2, 71.4, 53.2, 12.0, 77.0, 12.5, 12.2, 76.0]  45.65
[22.2, 37.0, 79.2, 89.5, 17.3, 79.5, 45.1, 1.5, 73.4, 13.6, 1.4, 83.2]  45.24166666666667
[15.7, 31.9, 62.7, 82.6, 26.5, 61.3, 30.3, 3.0, 69.3, 13.2, 6.3, 68.9]  39.30833333333334
[20.2, 30.4, 58.6, 86.2, 24.9, 58.5, 29.6, 7.8, 72.8, 12.2, 6.3, 63.4]  39.24166666666667
[16.3, 29.6, 79.6, 76.7, 24.7, 77.8, 36.2, 8.7, 84.4, 10.4, 4.2, 82.4]  44.25
[21.9, 36.0, 60.6, 87.5, 16.6, 60.1, 38.8, 5.9, 65.2, 12.0, 0.9, 67.4]  39.40833333333333
[18.7, 30.8, 66.7, 83.6, 26.0, 64.6, 30.4, 1.5, 64.6, 12.0, 4.8, 72.4]  39.675000000000004
[10.4, 30.1, 77.0, 74.8, 29.1, 75.9, 3.1, 22.7, 80.0, 8.3, 11.3, 79.0]  41.80833333333334
[17.7, 32.1, 68.4, 83.8, 28.6, 63.2, 22.8, 11.5, 72.3, 12.2, 10.2, 67.9]  40.89166666666667
[25.8, 28.5, 64.6, 95.1, 30.5, 65.0, 83.7, 36.2, 43.5, 16.6, 10.4, 66.9]  47.23333333333333
[17.0, 29.6, 74.7, 78.7, 30.2, 72.1, 22.6, 10.5, 77.6, 9.0, 10.3, 77.1]  42.449999999999996
[18.2, 27.6, 74.8, 83.9, 31.1, 72.8, 22.1, 22.8, 83.1, 13.6, 8.1, 76.8]  44.574999999999996
[21.5, 27.0, 66.6, 89.8, 32.9, 64.8, 13.8, 9.0, 66.3, 14.3, 11.3, 70.2]  40.625
[18.8, 29.9, 75.4, 84.1, 29.6, 73.1, 35.1, 9.4, 82.5, 10.4, 4.9, 79.1]  44.35833333333333
[22.4, 28.3, 58.3, 91.9, 33.1, 57.0, 19.4, 6.2, 62.3, 14.8, 9.9, 64.5]  39.00833333333333
[20.3, 27.9, 50.2, 87.5, 32.0, 47.7, 19.8, 7.4, 56.6, 14.3, 11.4, 56.4]  35.95833333333333
[20.9, 26.9, 41.6, 87.8, 31.7, 41.1, 43.6, 22.8, 24.6, 14.7, 10.1, 50.2]  34.666666666666664
[24.0, 22.3, 47.9, 91.9, 40.2, 45.6, 37.3, 8.3, 59.8, 17.1, 18.3, 57.0]  39.14166666666667
[17.7, 21.3, 47.1, 83.3, 40.6, 46.1, 52.3, 30.9, 48.5, 11.9, 14.5, 56.8]  39.24999999999999
[23.4, 33.9, 78.4, 92.7, 23.3, 76.3, 53.7, 18.1, 70.1, 15.1, 3.7, 79.8]  47.37500000000001
[22.3, 34.7, 71.2, 89.6, 19.5, 69.7, 29.7, 15.0, 77.4, 13.5, 4.4, 75.6]  43.550000000000004
[21.6, 27.6, 61.6, 87.8, 31.4, 60.6, 32.1, 0.8, 65.4, 12.9, 11.5, 67.4]  40.05833333333333
[20.4, 31.2, 78.7, 83.9, 24.3, 77.9, 26.7, 10.3, 77.8, 12.6, 10.2, 81.1]  44.59166666666667
[23.3, 21.5, 19.4, 91.5, 43.1, 16.5, 31.0, 0.5, 44.3, 15.6, 18.5, 31.3]  29.708333333333332
[24.0, 21.4, 37.7, 91.2, 39.4, 38.4, 48.5, 28.2, 19.5, 15.7, 18.5, 45.2]  35.641666666666666
[23.3, 21.5, 19.4, 91.5, 43.1, 16.5, 31.0, 0.5, 44.3, 15.6, 18.5, 31.3]  29.708333333333332
[21.7, 20.8, 36.4, 88.1, 41.6, 35.2, 40.7, 18.8, 23.6, 14.5, 22.3, 41.0]  33.725
[23.4, 21.4, 39.1, 91.2, 42.1, 37.8, 23.9, 9.3, 68.4, 15.1, 16.8, 51.0]  36.62500000000001
[22.9, 19.6, 36.6, 90.3, 43.5, 37.8, 41.3, 5.6, 55.9, 16.4, 20.3, 48.6]  36.56666666666667
[22.9, 15.8, 4.5, 92.4, 51.5, 4.3, 1.3, 24.9, 50.3, 18.6, 27.2, 6.2]  26.658333333333335
[20.2, 20.6, 15.7, 90.0, 45.6, 10.2, 61.4, 3.7, 57.7, 18.4, 26.1, 12.3]  31.825
[21.3, 19.3, 15.3, 89.2, 47.8, 9.7, 7.5, 23.7, 52.0, 14.8, 24.1, 20.2]  28.74166666666667
[20.3, 22.0, 41.9, 92.6, 47.0, 36.0, 29.4, 10.7, 63.2, 16.6, 27.3, 34.3]  36.775
[22.8, 13.4, 7.4, 92.2, 54.5, 4.7, 0.9, 28.5, 58.8, 17.9, 30.3, 3.2]  27.88333333333333
[21.7, 18.2, 8.2, 94.1, 47.3, 11.0, 23.7, 0.5, 30.1, 17.6, 26.7, 13.6]  26.058333333333334
[20.1, 17.3, 11.3, 89.9, 52.0, 17.6, 13.7, 35.7, 47.4, 17.8, 30.9, 9.7]  30.28333333333333
[24.6, 18.8, 41.1, 98.5, 49.7, 38.5, 25.1, 7.1, 54.9, 21.1, 31.1, 34.9]  37.11666666666667
[23.9, 13.8, 28.1, 90.7, 53.7, 29.4, 6.8, 16.7, 55.1, 16.1, 30.5, 33.3]  33.175000000000004
[21.0, 12.4, 6.7, 90.6, 60.5, 15.5, 2.8, 8.4, 15.7, 14.7, 35.0, 8.4]  24.308333333333326
[21.3, 12.7, 2.7, 90.8, 56.0, 8.4, 3.8, 8.7, 48.7, 17.2, 35.4, 16.0]  26.808333333333334
[22.8, 13.4, 7.4, 92.2, 54.5, 4.7, 0.9, 28.5, 58.8, 17.9, 30.3, 3.2]  27.88333333333333
[22.8, 13.4, 7.4, 92.2, 54.5, 4.7, 0.9, 28.5, 58.8, 17.9, 30.3, 3.2]  27.88333333333333
[22.8, 13.4, 7.4, 92.2, 54.5, 4.7, 0.9, 28.5, 58.8, 17.9, 30.3, 3.2]  27.88333333333333
[22.8, 13.4, 7.4, 92.2, 54.5, 4.7, 0.9, 28.5, 58.8, 17.9, 30.3, 3.2]  27.88333333333333
[22.8, 13.4, 7.4, 92.2, 54.5, 4.7, 0.9, 28.5, 58.8, 17.9, 30.3, 3.2]  27.88333333333333
[22.9, 16.1, 1.1, 93.6, 52.2, 0.6, 2.4, 22.1, 51.3, 19.0, 29.9, 6.6]  26.483333333333334
[22.9, 16.1, 1.1, 93.6, 52.2, 0.6, 2.4, 22.1, 51.3, 19.0, 29.9, 6.6]  26.483333333333334
[22.9, 13.7, 19.3, 92.6, 54.6, 17.1, 2.5, 13.3, 30.7, 18.5, 32.1, 8.9]  27.183333333333334
[22.9, 13.7, 19.3, 92.6, 54.6, 17.1, 2.5, 13.3, 30.7, 18.5, 32.1, 8.9]  27.183333333333334
[22.8, 13.4, 7.4, 92.2, 54.5, 4.7, 0.9, 28.5, 58.8, 17.9, 30.3, 3.2]  27.88333333333333
[22.9, 16.1, 1.1, 93.6, 52.2, 0.6, 2.4, 22.1, 51.3, 19.0, 29.9, 6.6]  26.483333333333334
[23.1, 16.5, 11.6, 93.9, 51.6, 12.3, 1.2, 26.3, 59.6, 19.3, 29.0, 18.9]  30.275000000000002
[23.1, 16.5, 11.6, 93.9, 51.6, 12.3, 1.2, 26.3, 59.6, 19.3, 29.0, 18.9]  30.275000000000002
[22.4, 14.3, 51.2, 92.1, 52.3, 48.4, 3.9, 9.7, 10.9, 16.8, 28.8, 35.7]  32.20833333333333
[23.1, 16.3, 5.9, 93.9, 52.0, 6.5, 1.8, 24.4, 56.0, 19.2, 29.6, 13.3]  28.500000000000004
[23.1, 16.3, 5.9, 93.9, 52.0, 6.5, 1.8, 24.4, 56.0, 19.2, 29.6, 13.3]  28.500000000000004
[68.1, 99.6, 100.0, 38.1, 99.0, 100.0, 41.9, 98.5, 100.0, 71.3, 99.4, 100.0]  84.65833333333332
[22.3, 20.9, 41.6, 88.8, 43.4, 40.0, 8.5, 41.9, 82.3, 16.0, 20.4, 46.6]  39.39166666666667
[22.9, 16.1, 1.1, 93.6, 52.2, 0.6, 2.4, 22.1, 51.3, 19.0, 29.9, 6.6]  26.483333333333334
[20.7, 16.7, 2.2, 89.7, 49.2, 5.0, 5.7, 32.4, 61.8, 17.8, 28.2, 10.9]  28.358333333333334
[20.7, 16.7, 2.2, 89.7, 49.2, 5.0, 5.7, 32.4, 61.8, 17.8, 28.2, 10.9]  28.358333333333334
[24.0, 11.5, 31.8, 93.5, 57.6, 28.4, 1.4, 14.2, 29.2, 19.0, 33.6, 17.6]  30.150000000000002
[24.0, 11.5, 31.8, 93.5, 57.6, 28.4, 1.4, 14.2, 29.2, 19.0, 33.6, 17.6]  30.150000000000002
[22.9, 16.1, 1.1, 93.6, 52.2, 0.6, 2.4, 22.1, 51.3, 19.0, 29.9, 6.6]  26.483333333333334
[22.9, 16.1, 1.1, 93.6, 52.2, 0.6, 2.4, 22.1, 51.3, 19.0, 29.9, 6.6]  26.483333333333334
[22.9, 16.1, 1.1, 93.6, 52.2, 0.6, 2.4, 22.1, 51.3, 19.0, 29.9, 6.6]  26.483333333333334
[19.5, 17.1, 46.1, 86.2, 47.6, 39.1, 10.7, 27.9, 29.7, 16.1, 25.8, 26.6]  32.7
[24.3, 17.9, 8.8, 91.2, 43.3, 13.8, 1.0, 27.3, 47.8, 17.9, 20.8, 21.9]  27.999999999999996
[24.3, 17.9, 8.8, 91.2, 43.3, 13.8, 1.0, 27.3, 47.8, 17.9, 20.8, 21.9]  27.999999999999996
[24.3, 17.9, 8.8, 91.2, 43.3, 13.8, 1.0, 27.3, 47.8, 17.9, 20.8, 21.9]  27.999999999999996
[19.9, 15.4, 5.1, 47.9, 17.5, 25.4, 5.2, 14.9, 24.7, 3.1, 11.1, 25.0]  17.933333333333334
[19.8, 8.3, 48.1, 64.7, 43.2, 27.1, 3.5, 1.6, 21.0, 12.8, 31.1, 24.2]  25.450000000000003
[21.3, 13.3, 21.0, 60.9, 32.4, 1.9, 6.4, 20.7, 24.6, 14.6, 25.8, 1.3]  20.35
[22.8, 22.1, 12.2, 60.4, 18.7, 25.2, 21.3, 13.2, 60.0, 15.9, 17.4, 19.5]  25.724999999999998
[21.3, 13.3, 21.0, 60.9, 32.4, 1.9, 6.4, 20.7, 24.6, 14.6, 25.8, 1.3]  20.35
[15.8, 6.7, 107.0, 54.7, 42.6, 75.6, 27.5, 25.5, 11.0, 11.1, 39.1, 78.7]  41.275
[15.8, 6.7, 107.0, 54.7, 42.6, 75.6, 27.5, 25.5, 11.0, 11.1, 39.1, 78.7]  41.275
[19.6, 30.8, 5.2, 64.2, 10.1, 18.5, 1.6, 8.1, 33.0, 14.6, 5.1, 14.4]  18.76666666666667
[17.7, 24.0, 85.3, 58.0, 19.4, 58.6, 10.3, 6.1, 117.1, 12.2, 14.1, 64.1]  40.574999999999996
[20.5, 29.6, 6.6, 63.8, 11.9, 4.4, 7.0, 8.5, 58.6, 13.4, 3.7, 5.5]  19.458333333333332
[22.8, 25.9, 6.9, 69.6, 19.3, 3.2, 14.8, 9.6, 70.1, 16.0, 9.8, 5.9]  22.825
[3.3, 37.3, 0.0, 39.6, 2.2, 11.9, 4.6, 0.4, 89.0, 14.7, 12.2, 1.6]  18.066666666666663
[5.2, 39.1, 9.7, 37.8, 0.3, 18.9, 11.6, 19.9, 126.7, 16.1, 12.2, 6.5]  25.333333333333332
[16.2, 25.0, 60.7, 62.8, 20.4, 45.2, 7.7, 8.2, 70.4, 13.1, 13.7, 43.3, 34.0, 22.7, 13.0, 7.9, 30.4, 33.5, 46.4, 101.7, 83.9, 23.6, 39.9, 86.5, 90.9, 64.8, 13.4, 29.4, 36.7, 21.6, 64.8, 6.3, 17.1, 1.5, 43.1, 1.1, 18.1, 92.1, 21.1, 2.6, 5.7]  35.13414634146341
[17.7, 25.0, 24.8, 63.9, 18.6, 9.9, 6.1, 3.1, 67.4, 14.8, 13.3, 11.1, 33.1, 24.9, 9.5, 4.5, 29.2, 35.5, 48.9, 97.7, 83.4, 26.4, 42.6, 87.5, 96.6, 69.8, 13.6, 30.0, 36.3, 21.7, 62.1, 5.9, 19.4, 3.8, 44.1, 1.5, 14.1, 101.3, 20.6, 3.6, 5.5]  32.897560975609764
